Gite Alpha Vvent Pdyn Temp Beta Patm X Y Z L M N
0.0 0.0 10.4 67.2 11.9 15.0 101201 5.3 -6.8 7.0 10.9 20.2 1.7
0.0 0.0 10.4 66.7 11.8 20.0 101200 5.5 -9.3 7.4 14.5 21.5 2.5
0.0 0.0 10.4 66.7 11.8 25.0 101200 5.0 -11.5 9.6 16.6 21.1 3.5
0.0 0.0 10.4 66.5 11.8 30.0 101200 4.7 -13.1 14.8 18.4 24.2 4.2
0.0 0.0 10.3 66.1 11.8 35.0 101201 4.3 -14.8 14.7 22.3 28.2 4.6
0.0 0.0 10.4 66.3 11.8 40.0 101200 2.3 -16.4 14.1 24.7 26.3 5.3
0.0 3.0 10.5 67.7 12.2 15.0 101203 5.6 -6.4 14.7 11.7 31.3 0.8
0.0 3.0 10.4 67.1 11.9 20.0 101203 5.9 -8.7 17.2 14.8 32.7 1.3
0.0 3.0 10.4 66.8 11.9 25.0 101203 5.4 -10.8 21.4 16.7 33.4 2.0
0.0 3.0 10.4 66.5 11.8 30.0 101203 5.3 -12.4 24.6 19.1 35.7 2.6
0.0 3.0 10.4 66.3 11.8 35.0 101204 5.5 -13.4 25.9 22.9 41.3 2.8
0.0 3.0 10.4 66.6 11.8 40.0 101203 3.6 -15.4 26.6 25.9 40.3 3.4
0.0 6.0 10.3 65.4 12.0 15.0 101203 8.5 -5.1 22.9 9.7 47.7 -1.0
0.0 6.0 10.2 64.8 11.9 20.0 101203 7.6 -6.8 26.8 11.9 48.3 -0.8
0.0 6.0 10.2 64.9 11.9 25.0 101205 7.3 -9.4 30.7 15.3 48.7 -0.2
0.0 6.0 10.3 65.3 11.8 30.0 101205 7.1 -10.6 34.3 17.4 50.0 0.3
0.0 6.0 10.2 64.7 11.8 35.0 101205 7.5 -11.6 35.8 21.0 55.0 0.4
0.0 6.0 10.2 64.5 11.8 40.0 101206 5.5 -13.7 36.2 24.6 53.2 1.0
10.0 6.0 10.2 64.4 12.2 15.0 101198 5.8 -4.4 12.5 7.8 28.4 -2.3
10.0 6.0 10.2 64.6 11.9 20.0 101198 5.9 -7.1 11.8 11.4 26.5 -1.3
10.0 6.0 10.2 64.5 11.8 25.0 101198 5.4 -9.3 12.3 13.4 22.7 0.1
10.0 6.0 10.2 64.5 11.9 30.0 101200 5.2 -11.0 13.5 14.7 20.8 1.2
10.0 6.0 10.2 64.9 11.8 35.0 101199 4.2 -14.3 8.3 20.3 18.9 2.7
10.0 6.0 10.2 64.9 11.8 40.0 101200 1.2 -17.1 2.0 23.9 9.1 4.5
10.0 3.0 10.2 64.6 12.0 15.0 101204 4.9 -6.0 6.0 9.5 18.5 -0.1
10.0 3.0 10.3 65.2 11.9 20.0 101203 5.2 -9.0 4.6 13.4 16.0 1.4
10.0 3.0 10.2 64.9 11.9 25.0 101201 4.6 -11.4 3.7 15.5 11.7 2.8
10.0 3.0 10.2 64.8 11.9 30.0 101200 4.1 -13.1 4.2 16.0 9.1 4.0
10.0 3.0 10.3 65.3 11.9 35.0 101200 2.9 -16.9 -2.4 22.1 5.3 5.5
10.0 3.0 10.3 65.2 11.9 40.0 101200 2.7 -18.0 -6.8 23.3 0.7 7.3
10.0 0.0 10.4 67.2 12.2 15.0 101204 5.2 -7.6 -0.9 11.2 7.6 2.7
10.0 0.0 10.4 67.3 12.0 20.0 101204 5.4 -10.8 -3.5 15.1 4.4 4.3
10.0 0.0 10.4 67.4 11.9 25.0 101204 4.9 -13.3 -5.5 16.5 -1.0 6.0
10.0 0.0 10.4 67.5 11.9 30.0 101203 4.4 -15.3 -5.6 17.5 -4.4 7.3
10.0 0.0 10.5 67.6 11.9 35.0 101204 2.8 -19.7 -14.2 23.9 -9.9 9.1
10.0 0.0 10.4 67.4 11.9 40.0 101204 3.4 -20.2 -18.0 23.8 -12.9 10.7
20.0 0.0 10.4 66.4 12.2 15.0 101199 5.0 -10.5 -6.8 15.0 -0.9 6.8
20.0 0.0 10.4 66.4 12.0 20.0 101200 5.1 -15.2 -12.6 20.4 -8.6 10.6
20.0 0.0 10.4 66.6 11.9 25.0 101201 4.5 -19.9 -18.6 24.3 -20.1 14.7
20.0 0.0 10.4 66.3 11.9 30.0 101201 3.1 -25.6 -27.2 30.4 -32.1 19.4
20.0 0.0 10.3 65.9 11.9 35.0 101202 2.3 -29.9 -37.0 35.9 -39.5 24.0
20.0 0.0 10.3 65.3 11.9 40.0 101203 2.1 -34.4 -46.5 42.4 -51.1 29.7
20.0 3.0 10.5 68.3 12.3 15.0 101198 5.0 -8.4 0.2 12.4 8.2 2.8
20.0 3.0 10.5 67.9 12.0 20.0 101196 4.8 -13.3 -5.1 19.1 0.7 6.6
20.0 3.0 10.5 67.8 11.9 25.0 101195 3.9 -17.6 -9.8 22.9 -9.3 10.2
20.0 3.0 10.5 67.8 11.9 30.0 101194 2.5 -22.2 -16.9 27.6 -20.5 14.6
20.0 3.0 10.5 67.6 11.9 35.0 101193 -0.3 -28.3 -29.8 36.2 -33.9 19.7
20.0 3.0 10.4 66.8 11.9 40.0 101192 0.2 -31.3 -36.9 39.9 -41.2 24.0
20.0 6.0 10.5 67.6 11.9 15.0 101187 5.1 -6.1 5.7 9.6 17.6 -0.8
20.0 6.0 10.5 67.6 11.9 20.0 101186 5.1 -11.1 1.7 16.2 11.4 2.4
20.0 6.0 10.5 67.6 11.9 25.0 101186 4.0 -14.5 -2.2 19.5 1.9 5.9
20.0 6.0 10.4 67.4 11.9 30.0 101187 3.1 -17.8 -6.5 22.5 -6.7 9.3
20.0 6.0 10.4 67.1 11.9 35.0 101187 -0.6 -25.3 -19.9 33.7 -20.6 14.5
20.0 6.0 10.4 67.1 11.9 40.0 101188 -0.7 -28.3 -28.3 37.3 -30.3 19.0
30.0 6.0 10.6 69.7 12.3 15.0 101190 4.9 -9.4 0.1 14.3 9.0 3.4
30.0 6.0 10.6 69.2 12.0 20.0 101190 4.2 -17.1 -7.1 24.8 -2.0 10.2
30.0 6.0 10.5 68.7 11.9 25.0 101189 2.3 -23.9 -14.4 32.8 -16.5 17.3
30.0 6.0 10.5 67.8 11.9 30.0 101190 -0.3 -32.6 -25.5 44.1 -32.8 25.5
30.0 6.0 10.5 67.6 11.9 35.0 101191 -2.3 -40.3 -37.6 56.7 -44.9 34.2
30.0 6.0 10.4 66.7 11.9 40.0 101192 -4.2 -49.8 -51.5 72.5 -63.4 45.3
30.0 3.0 10.6 68.9 12.3 15.0 101191 4.6 -12.4 -5.8 18.6 -1.3 9.0
30.0 3.0 10.5 68.1 12.0 20.0 101190 4.2 -20.2 -13.5 28.6 -12.3 16.2
30.0 3.0 10.5 68.1 12.0 25.0 101190 2.6 -27.9 -21.9 37.7 -27.3 23.9
30.0 3.0 10.5 67.6 11.9 30.0 101190 0.3 -36.7 -32.6 49.2 -43.8 32.9
30.0 3.0 10.4 67.1 11.9 35.0 101189 -0.5 -45.2 -46.5 62.9 -57.2 42.9
30.0 3.0 10.3 65.8 11.9 40.0 101189 -1.8 -54.6 -60.2 78.0 -75.2 53.9
30.0 0.0 10.5 68.6 12.3 15.0 101190 4.9 -15.2 -9.4 22.8 -5.9 13.1
30.0 0.0 10.5 68.5 12.0 20.0 101191 4.7 -22.7 -17.6 31.7 -17.7 20.5
30.0 0.0 10.5 68.3 12.0 25.0 101191 3.5 -31.5 -27.6 42.1 -33.6 29.1
30.0 0.0 10.4 67.5 11.9 30.0 101192 1.0 -40.3 -38.1 53.7 -50.8 38.7
30.0 0.0 10.4 66.4 11.9 35.0 101193 1.3 -48.6 -53.1 67.1 -63.9 49.3
30.0 0.0 10.2 64.9 11.9 40.0 101193 0.2 -57.7 -65.2 81.5 -80.9 59.3